Bundle Name m X Y_low Y Y_high R Rxtheta
1.0000000000 BCG 1.0000000000 0.0000000000 0.0000000000 0.0000000000 0.0000000000 0.0000000000 0.0000000000
1.0000000000 BCG 2.0000000000 0.0000000000 0.0000000000 0.0000000000 0.0000000000 0.0000000000 0.0000000000
1.0000000000 BCG 3.0000000000 0.0000000000 0.0000000000 0.0000000000 0.0000000000 0.0000000000 0.0000000000
2.0000000000 BCG 1.0000000000 10419137.9769333117 0.0712684142 0.2154722556 0.2154722556 0.2021556214 0.2425867457
2.0000000000 BCG 2.0000000000 17689078.1817576885 0.0379315360 0.1478247035 0.1478247035 0.1705974731 0.2047169678
2.0000000000 BCG 3.0000000000 422180.7051637582 0.1646503422 0.3187515516 0.3187515516 0.2999888456 0.3599866147
3.0000000000 BCG 1.0000000000 0.0000000000 0.0000000000 0.0000000000 0.0000000000 0.0000000000 0.0000000000
3.0000000000 BCG 2.0000000000 0.0000000000 0.0000000000 0.0000000000 0.0000000000 0.0000000000 0.0000000000
3.0000000000 BCG 3.0000000000 0.0000000000 0.0000000000 0.0000000000 0.0000000000 0.0000000000 0.0000000000
4.0000000000 BCG 1.0000000000 12883013.9673524015 0.1050271368 0.2624109215 0.2624109215 0.2979135473 0.3574962568
4.0000000000 BCG 2.0000000000 4321039.6172219068 0.0558991056 0.2624109215 0.2624109215 0.2514068025 0.3016881630
4.0000000000 BCG 3.0000000000 898990.1107650016 0.2426426096 0.2624109215 0.2624109215 0.4420888251 0.5305065901
5.0000000000 DT 1.0000000000 10248709.0159424022 0.1104431982 0.1593209166 0.1593209166 0.1808760823 0.2170512987
5.0000000000 DT 2.0000000000 38471869.0597095266 0.1104431982 0.1390118608 0.1390118608 0.1526398444 0.1831678133
5.0000000000 DT 3.0000000000 2696970.3322950043 0.1593209166 0.1593209166 0.1593209166 0.2684110724 0.3220932868
6.0000000000 DT 1.0000000000 59657746.8169147298 0.0971946916 0.2170512987 0.2170512987 0.1808760823 0.2170512987
6.0000000000 DT 2.0000000000 0.0000000000 0.0000000000 0.0339387427 0.0000000000 0.1526398444 0.1831678133
6.0000000000 DT 3.0000000000 82297.3777049957 0.1473187273 0.3201627714 0.3201627714 0.2684110724 0.3220932868
7.0000000000 DTP 1.0000000000 48720578.0756519288 0.1111075900 0.1203691932 0.1203691932 0.1808760823 0.2170512987
7.0000000000 DTP 2.0000000000 0.0000000000 0.0000000000 0.0339387427 0.0000000000 0.1526398444 0.1831678133
7.0000000000 DTP 3.0000000000 2696970.3322950043 0.1473187273 0.1593209166 0.1593209166 0.2684110724 0.3220932868
8.0000000000 DTP 1.0000000000 69558898.4296008050 0.0712684142 0.0839786561 0.0839786561 0.2021556214 0.2425867457
8.0000000000 DTP 2.0000000000 36362393.4101400524 0.0379315360 0.0839786561 0.0839786561 0.1705974731 0.2047169678
8.0000000000 DTP 3.0000000000 2696970.3322950052 0.1646503422 0.1780645539 0.1780645539 0.2999888456 0.3599866147
9.0000000000 DTP-HepB-Hib 1.0000000000 31410802.7543650642 0.5960920554 0.7310018527 0.7310018527 0.8299020246 0.9958824295
9.0000000000 DTP-HepB-Hib 2.0000000000 17309775.3212868571 0.1557189371 0.7310018527 0.7310018527 0.7003475213 0.8404170255
9.0000000000 DTP-HepB-Hib 3.0000000000 2696970.3322950052 0.6759329839 0.7310018527 0.7310018527 1.2315331556 1.4778397867
10.0000000000 DTP-HepB-Hib 1.0000000000 49801856.3841889948 0.4313614547 0.8108800621 0.8108800621 1.2235734978 1.4682881974
10.0000000000 DTP-HepB-Hib 2.0000000000 0.0000000000 0.0000000000 0.2295856123 0.0000000000 1.0325636531 1.2390763838
10.0000000000 DTP-HepB-Hib 3.0000000000 2696970.3322950047 0.9965678608 1.0777591418 1.0777591418 1.8157219601 2.1788663521
11.0000000000 DTP-HepB-Hib 1.0000000000 49801856.3841889948 0.4174173978 0.7403687523 0.7403687523 1.1171758024 1.3406109628
11.0000000000 DTP-HepB-Hib 2.0000000000 0.0000000000 0.0000000000 0.2096216460 0.0000000000 0.9427755094 1.1313306113
11.0000000000 DTP-HepB-Hib 3.0000000000 2696970.3322950052 0.9099097860 0.9840409556 0.9840409556 1.6578330940 1.9893997128
12.0000000000 DTP-HepB-Hib 1.0000000000 48720578.0756519213 0.4463653313 0.8425843523 0.8425843523 1.2661325760 1.5193590912
12.0000000000 DTP-HepB-Hib 2.0000000000 0.0000000000 0.0000000000 0.2375711988 0.0000000000 1.0684789106 1.2821746928
12.0000000000 DTP-HepB-Hib 3.0000000000 2696970.3322950047 1.0312310908 1.1152464163 1.1152464163 1.8788775066 2.2546530079
13.0000000000 DTP-HepB-Hib 1.0000000000 48720578.0756519213 0.4313614547 0.8142621892 0.8142621892 1.2235734978 1.4682881974
13.0000000000 DTP-HepB-Hib 2.0000000000 0.0000000000 0.0000000000 0.2295856123 0.0000000000 1.0325636531 1.2390763838
13.0000000000 DTP-HepB-Hib 3.0000000000 2696970.3322950047 0.9965678608 1.0777591418 1.0777591418 1.8157219601 2.1788663521
14.0000000000 DTP-HepB-Hib 1.0000000000 40200713.1991833448 0.5310621085 0.5946849558 0.5946849558 0.8618213332 1.0341855999
14.0000000000 DTP-HepB-Hib 2.0000000000 0.0000000000 0.0000000000 0.1617081269 0.0000000000 0.7272839644 0.8727407573
14.0000000000 DTP-HepB-Hib 3.0000000000 2696970.3322950047 0.7019304063 0.7591173086 0.7591173086 1.2788998154 1.5346797785
15.0000000000 DTP-HepB-Hib 1.0000000000 0.0000000000 0.0000000000 0.7028863968 0.0000000000 0.7979827160 0.9575792592
15.0000000000 DTP-HepB-Hib 2.0000000000 48720578.0756519288 0.4381412963 0.4481407775 0.4481407775 0.6734110781 0.8080932938
15.0000000000 DTP-HepB-Hib 3.0000000000 2696970.3322950043 0.7028863968 0.7028863968 0.7028863968 1.1841664957 1.4209997949
16.0000000000 DTP-HepB-Hib 1.0000000000 48720578.0756519213 0.4386739194 0.5664432620 0.5664432620 0.8511815637 1.0214178764
16.0000000000 DTP-HepB-Hib 2.0000000000 0.0000000000 0.0000000000 0.1597117303 0.0000000000 0.7183051500 0.8619661800
16.0000000000 DTP-HepB-Hib 3.0000000000 2696970.3322950047 0.6932645988 0.7497454899 0.7497454899 1.2631109288 1.5157331145
17.0000000000 HPV 1.0000000000 46372598.9530671984 1.7254458186 2.0331674636 2.0331674636 4.8942939913 5.8731527895
17.0000000000 HPV 2.0000000000 44007185.3448805884 0.9183424493 0.9762282883 0.9762282883 4.1302546125 4.9563055350
17.0000000000 HPV 3.0000000000 1797980.2215300030 3.9862714433 4.3110365672 4.3110365672 7.2628878405 8.7154654086
18.0000000000 HPV 1.0000000000 18102317.5902646370 1.6879361269 3.5569869835 3.5569869835 4.7878962958 5.7454755549
18.0000000000 HPV 2.0000000000 13050.2530786023 0.8983784830 3.5569869835 3.5569869835 4.0404664688 4.8485597625
18.0000000000 HPV 3.0000000000 1797980.2215300030 3.8996133685 4.2173183809 4.2173183809 7.1049989744 8.5259987693
19.0000000000 HepB 1.0000000000 48720578.0756519288 0.1837974894 0.3469464980 0.3469464980 0.5213487078 0.6256184493
19.0000000000 HepB 2.0000000000 0.0000000000 0.0000000000 0.0978234348 0.0000000000 0.4399619044 0.5279542853
19.0000000000 HepB 3.0000000000 2696970.3322950043 0.4246245668 0.4592191126 0.4592191126 0.7736554439 0.9283865327
20.0000000000 HepB 1.0000000000 40200713.1991833448 0.2250581503 0.4405073747 0.4405073747 0.6383861728 0.7660634073
20.0000000000 HepB 2.0000000000 0.0000000000 0.0000000000 0.1197837977 0.0000000000 0.5387288625 0.6464746350
20.0000000000 HepB 3.0000000000 2696970.3322950047 0.5199484491 0.5623091175 0.5623091175 0.9473331966 1.1367998359
21.0000000000 HepB 1.0000000000 48720578.0756519213 0.1077496663 0.1699329786 0.1699329786 0.2553544691 0.3064253629
21.0000000000 HepB 2.0000000000 0.0000000000 0.0000000000 0.0479135191 0.0000000000 0.2154915450 0.2585898540
21.0000000000 HepB 3.0000000000 2696970.3322950047 0.2079793797 0.2249236470 0.2249236470 0.3789332786 0.4547199344
22.0000000000 HepB 1.0000000000 40200713.1991833448 0.1300040271 0.1835447394 0.1835447394 0.2659942387 0.3191930864
22.0000000000 HepB 2.0000000000 0.0000000000 0.0000000000 0.0499099157 0.0000000000 0.2244703594 0.2693644313
22.0000000000 HepB 3.0000000000 2696970.3322950043 0.2166451871 0.2342954656 0.2342954656 0.3947221652 0.4736665983
23.0000000000 Hib 1.0000000000 49801856.3841889948 0.8064583717 1.5159931595 1.5159931595 2.2875504524 2.7450605429
23.0000000000 Hib 2.0000000000 0.0000000000 0.0000000000 0.4292252752 0.0000000000 1.9304450906 2.3165341088
23.0000000000 Hib 3.0000000000 2696970.3322950047 1.8631486094 2.0149410042 2.0149410042 3.3946106211 4.0735327453
24.0000000000 IPV 1.0000000000 0.0000000000 0.0000000000 1.4878187227 0.0000000000 2.2237118352 2.6684542022
24.0000000000 IPV 2.0000000000 18724964.7071898431 0.4172468955 1.4878187227 1.4878187227 1.8765722044 2.2518866453
24.0000000000 IPV 3.0000000000 2696970.3322950038 1.8111537645 1.9587100925 1.9587100925 3.2998773014 3.9598527617
25.0000000000 IPV 1.0000000000 39946397.1088197380 0.9189874469 2.2960955630 2.2960955630 2.6067435388 3.1280922466
25.0000000000 IPV 2.0000000000 9855459.2753692567 0.4891171741 2.2960955630 2.2960955630 2.1998095219 2.6397714263
25.0000000000 IPV 3.0000000000 2696970.3322950047 2.1231228340 2.2960955630 2.2960955630 3.8682772194 4.6419326633
26.0000000000 IPV 1.0000000000 48720578.0756519213 1.1628004430 2.1949676404 2.1949676404 3.2983285593 3.9579942712
26.0000000000 IPV 2.0000000000 0.0000000000 0.0000000000 0.6188829550 0.0000000000 2.7834324563 3.3401189475
26.0000000000 IPV 3.0000000000 2696970.3322950047 2.6864003205 2.9052637735 2.9052637735 4.8945548490 5.8734658188
27.0000000000 IPV 1.0000000000 0.0000000000 0.0000000000 1.2457812272 0.0000000000 1.8619596706 2.2343516047
27.0000000000 IPV 2.0000000000 18724964.7071898431 0.3493694101 1.2457812272 1.2457812272 1.5712925156 1.8855510188
27.0000000000 IPV 3.0000000000 2696970.3322950047 1.5165163100 1.6400682593 1.6400682593 2.7630551567 3.3156661880
28.0000000000 IPV 1.0000000000 0.0000000000 0.0000000000 1.6586687196 0.0000000000 2.4790663043 2.9748795651
28.0000000000 IPV 2.0000000000 18724964.7071898431 0.4651604146 1.6586687196 1.6586687196 2.0920637494 2.5104764993
28.0000000000 IPV 3.0000000000 2696970.3322950052 2.0191331441 2.1836337395 2.1836337395 3.6788105801 4.4145726961
29.0000000000 IPV 1.0000000000 18724964.7071898431 1.0502713679 2.3619733490 2.3619733490 2.9791354729 3.5749625675
29.0000000000 IPV 2.0000000000 0.0000000000 0.0000000000 0.5589910561 0.0000000000 2.5140680250 3.0168816300
29.0000000000 IPV 3.0000000000 2696970.3322950047 2.4264260959 2.6241092148 2.6241092148 4.4208882507 5.3050659009
30.0000000000 MMR 1.0000000000 0.0000000000 0.0000000000 0.8730347707 0.0000000000 1.5002075060 1.8002490072
30.0000000000 MMR 2.0000000000 16968522.6814723164 0.3658654647 0.8730347707 0.8730347707 1.2660128269 1.5192153923
30.0000000000 MMR 3.0000000000 1134521.0138669945 2.2102842581 2.2102842581 2.2102842581 2.2262330120 2.6714796144
31.0000000000 MMR 1.0000000000 41045889.8574396819 1.6766832194 3.0269150580 3.0269150580 4.7559769872 5.7071723846
31.0000000000 MMR 2.0000000000 0.0000000000 0.0000000000 0.8923892932 0.0000000000 4.0135300256 4.8162360308
31.0000000000 MMR 3.0000000000 1797980.2215300030 3.8736159460 4.1892029251 4.1892029251 7.0576323146 8.4691587775
32.0000000000 MMR 1.0000000000 5558414.0311317444 1.1065359054 2.7646864942 2.7646864942 3.1387320161 3.7664784194
32.0000000000 MMR 2.0000000000 10746649.4426775631 0.5889370056 2.6546357245 2.6546357245 2.6487502406 3.1785002888
32.0000000000 MMR 3.0000000000 1797980.2215300028 2.5564132082 2.7646864942 2.7646864942 4.6577215499 5.5892658599
33.0000000000 MMR 1.0000000000 0.0000000000 0.0000000000 0.9979855108 0.0000000000 1.5640461233 1.8768553479
33.0000000000 MMR 2.0000000000 16305063.4738093074 0.3826302018 0.9979855108 0.9979855108 1.3198857131 1.5838628558
33.0000000000 MMR 3.0000000000 1797980.2215300028 1.3776573378 1.3776573378 1.3776573378 2.3209663316 2.7851595980
34.0000000000 OPV 1.0000000000 39247909.6359096840 0.1337555574 0.1400139200 0.1400139200 0.1915158518 0.2298190222
34.0000000000 OPV 2.0000000000 0.0000000000 0.0000000000 0.0359351393 0.0000000000 0.1616186588 0.1939423905
34.0000000000 OPV 3.0000000000 3595960.4430600055 0.1559845347 0.1686927352 0.1686927352 0.2841999590 0.3410399508
35.0000000000 OPV 1.0000000000 0.0000000000 0.0000000000 0.0000000000 0.0000000000 0.0000000000 0.0000000000
35.0000000000 OPV 2.0000000000 0.0000000000 0.0000000000 0.0000000000 0.0000000000 0.0000000000 0.0000000000
35.0000000000 OPV 3.0000000000 0.0000000000 0.0000000000 0.0000000000 0.0000000000 0.0000000000 0.0000000000
36.0000000000 OPV 1.0000000000 8691798.2201717552 0.0487625992 0.1218336421 0.1218336421 0.1383170041 0.1659804049
36.0000000000 OPV 2.0000000000 40211068.0532522425 0.0259531562 0.1047630676 0.1047630676 0.1167245869 0.1400695043
36.0000000000 OPV 3.0000000000 3595960.4430600055 0.1126554973 0.1218336421 0.1218336421 0.2052555259 0.2463066311
37.0000000000 OPV 1.0000000000 47821587.9648869261 0.0525135684 0.1049982864 0.1049982864 0.1489567736 0.1787481284
37.0000000000 OPV 2.0000000000 0.0000000000 0.0000000000 0.0279495528 0.0000000000 0.1257034013 0.1508440815
37.0000000000 OPV 3.0000000000 3595960.4430600065 0.1213213048 0.1312054607 0.1312054607 0.2210444125 0.2652532950
38.0000000000 OPV 1.0000000000 0.0000000000 0.0000000000 0.0759159823 0.0000000000 0.1276772346 0.1532126815
38.0000000000 OPV 2.0000000000 47829403.1426661387 0.0239567595 0.0759159823 0.0759159823 0.1077457725 0.1292949270
38.0000000000 OPV 3.0000000000 3588145.2652807920 0.1039896898 0.1140199949 0.1140199949 0.1894666393 0.2273599672
39.0000000000 OPV 1.0000000000 47821587.9648869261 0.0487625992 0.0974984088 0.0974984088 0.1383170041 0.1659804049
39.0000000000 OPV 2.0000000000 0.0000000000 0.0000000000 0.0259531562 0.0000000000 0.1167245869 0.1400695043
39.0000000000 OPV 3.0000000000 3595960.4430600055 0.1126554973 0.1218336421 0.1218336421 0.2052555259 0.2463066311
40.0000000000 OPV 1.0000000000 47821587.9648869187 0.1091236062 0.1424976743 0.1424976743 0.2021556214 0.2425867457
40.0000000000 OPV 2.0000000000 0.0000000000 0.0000000000 0.0379315360 0.0000000000 0.1705974731 0.2047169678
40.0000000000 OPV 3.0000000000 3595960.4430600069 0.1646503422 0.1780645539 0.1780645539 0.2999888456 0.3599866147
41.0000000000 OPV 1.0000000000 39317567.2417002544 0.0525135684 0.1087762698 0.1087762698 0.1489567736 0.1787481284
41.0000000000 OPV 2.0000000000 0.0000000000 0.0000000000 0.0279495528 0.0000000000 0.1257034013 0.1508440815
41.0000000000 OPV 3.0000000000 3580116.2897781003 0.1213213048 0.1347928645 0.1347928645 0.2210444125 0.2652532950
42.0000000000 OPV 1.0000000000 47821587.9648869261 0.1104268628 0.1274979191 0.1274979191 0.1808760823 0.2170512987
42.0000000000 OPV 2.0000000000 0.0000000000 0.0000000000 0.0339387427 0.0000000000 0.1526398444 0.1831678133
42.0000000000 OPV 3.0000000000 3595960.4430600055 0.1473187273 0.1593209166 0.1593209166 0.2684110724 0.3220932868
43.0000000000 PCV 1.0000000000 0.0000000000 0.0000000000 1.8587336095 0.0000000000 3.0855331684 3.7026398021
43.0000000000 PCV 2.0000000000 33509117.0583836176 0.5789550224 1.8587336095 1.8587336095 2.6038561688 3.1246274025
43.0000000000 PCV 3.0000000000 2696970.3322950043 2.5130841708 2.7178274010 2.7178274010 4.5787771168 5.4945325402
44.0000000000 PCV 1.0000000000 51612160.7537229210 1.1440455971 2.1360625688 2.1360625688 3.2451297116 3.8941556539
44.0000000000 PCV 2.0000000000 0.0000000000 0.0000000000 0.6089009718 0.0000000000 2.7385383844 3.2862460613
44.0000000000 PCV 3.0000000000 2696970.3322950047 2.6430712831 2.8584046804 2.8584046804 4.8156104160 5.7787324992
45.0000000000 PCV 1.0000000000 51612160.7537229210 1.1440455971 2.1360625688 2.1360625688 3.2451297116 3.8941556539
45.0000000000 PCV 2.0000000000 0.0000000000 0.0000000000 0.6089009718 0.0000000000 2.7385383844 3.2862460613
45.0000000000 PCV 3.0000000000 2696970.3322950047 2.6430712831 2.8584046804 2.8584046804 4.8156104160 5.7787324992
46.0000000000 PCV 1.0000000000 51612160.7537229210 1.2940843640 2.4162019220 2.4162019220 3.6707204934 4.4048645921
46.0000000000 PCV 2.0000000000 0.0000000000 0.0000000000 0.6887568370 0.0000000000 3.0976909594 3.7172291513
46.0000000000 PCV 3.0000000000 2696970.3322950043 2.9897035825 3.2332774254 3.2332774254 5.4471658804 6.5365990564
47.0000000000 PCV 1.0000000000 51612160.7537229210 1.2378198264 2.3111496646 2.3111496646 3.5111239502 4.2133487403
47.0000000000 PCV 2.0000000000 0.0000000000 0.0000000000 0.6588108876 0.0000000000 2.9630087438 3.5556104925
47.0000000000 PCV 3.0000000000 2696970.3322950043 2.8597164702 3.0927001460 3.0927001460 5.2103325812 6.2523990975
48.0000000000 PCV 1.0000000000 987880.7198284492 1.0877810596 2.7178274010 2.7178274010 3.0855331684 3.7026398021
48.0000000000 PCV 2.0000000000 32521236.3385551684 0.5789550224 1.9784537651 1.9784537651 2.6038561688 3.1246274025
48.0000000000 PCV 3.0000000000 2696970.3322950043 2.5130841708 2.7178274010 2.7178274010 4.5787771168 5.4945325402
49.0000000000 Rota 1.0000000000 16675675.9123965092 0.3188323795 0.8105303646 0.8105303646 0.9043804114 1.0852564937
49.0000000000 Rota 2.0000000000 3473576.5173898386 0.1696937135 0.8105303646 0.8105303646 0.7631992219 0.9158390663
49.0000000000 Rota 3.0000000000 1574400.0046208221 0.7365936363 1.1023811539 1.1023811539 1.3420553618 1.6104664342
50.0000000000 Rota 1.0000000000 0.0000000000 0.0000000000 0.5614673512 0.0000000000 1.0107781069 1.2129337283
50.0000000000 Rota 2.0000000000 34408107.1691486165 0.1896576798 0.5614673512 0.5614673512 0.8529873656 1.0235848388
50.0000000000 Rota 3.0000000000 1797980.2215300030 0.8232517111 0.8903227693 0.8903227693 1.4999442279 1.7999330735
51.0000000000 Rota 1.0000000000 46372598.9530671909 0.8814777552 1.0386833781 1.0386833781 2.5003458434 3.0004150120
51.0000000000 Rota 2.0000000000 6138551.9114207355 0.4691532078 1.0386833781 1.0386833781 2.1100213781 2.5320256538
51.0000000000 Rota 3.0000000000 1797980.2215300028 2.0364647591 2.2023773767 2.2023773767 3.7103883533 4.4524660240
52.0000000000 Td 1.0000000000 0.0000000000 0.0000000000 0.0000000000 0.0000000000 0.0000000000 0.0000000000
52.0000000000 Td 2.0000000000 0.0000000000 0.0000000000 0.0000000000 0.0000000000 0.0000000000 0.0000000000
52.0000000000 Td 3.0000000000 0.0000000000 0.0000000000 0.0000000000 0.0000000000 0.0000000000 0.0000000000
53.0000000000 Td 1.0000000000 0.0000000000 0.0000000000 0.0000000000 0.0000000000 0.0000000000 0.0000000000
53.0000000000 Td 2.0000000000 0.0000000000 0.0000000000 0.0000000000 0.0000000000 0.0000000000 0.0000000000
53.0000000000 Td 3.0000000000 0.0000000000 0.0000000000 0.0000000000 0.0000000000 0.0000000000 0.0000000000
54.0000000000 Td 1.0000000000 0.0000000000 0.0000000000 0.0000000000 0.0000000000 0.0000000000 0.0000000000
54.0000000000 Td 2.0000000000 0.0000000000 0.0000000000 0.0000000000 0.0000000000 0.0000000000 0.0000000000
54.0000000000 Td 3.0000000000 0.0000000000 0.0000000000 0.0000000000 0.0000000000 0.0000000000 0.0000000000
55.0000000000 Td 1.0000000000 0.0000000000 0.0000000000 0.0000000000 0.0000000000 0.0000000000 0.0000000000
55.0000000000 Td 2.0000000000 0.0000000000 0.0000000000 0.0000000000 0.0000000000 0.0000000000 0.0000000000
55.0000000000 Td 3.0000000000 0.0000000000 0.0000000000 0.0000000000 0.0000000000 0.0000000000 0.0000000000
56.0000000000 Td 1.0000000000 0.0000000000 0.0000000000 0.0000000000 0.0000000000 0.0000000000 0.0000000000
56.0000000000 Td 2.0000000000 0.0000000000 0.0000000000 0.0000000000 0.0000000000 0.0000000000 0.0000000000
56.0000000000 Td 3.0000000000 0.0000000000 0.0000000000 0.0000000000 0.0000000000 0.0000000000 0.0000000000
57.0000000000 Td 1.0000000000 0.0000000000 0.0000000000 0.0000000000 0.0000000000 0.0000000000 0.0000000000
57.0000000000 Td 2.0000000000 0.0000000000 0.0000000000 0.0000000000 0.0000000000 0.0000000000 0.0000000000
57.0000000000 Td 3.0000000000 0.0000000000 0.0000000000 0.0000000000 0.0000000000 0.0000000000 0.0000000000
58.0000000000 Td 1.0000000000 0.0000000000 0.0000000000 0.0000000000 0.0000000000 0.0000000000 0.0000000000
58.0000000000 Td 2.0000000000 0.0000000000 0.0000000000 0.0000000000 0.0000000000 0.0000000000 0.0000000000
58.0000000000 Td 3.0000000000 0.0000000000 0.0000000000 0.0000000000 0.0000000000 0.0000000000 0.0000000000
59.0000000000 YF 1.0000000000 16600618.7947296705 0.4801240539 0.9025447647 0.9025447647 1.3618905019 1.6342686023
59.0000000000 YF 2.0000000000 0.0000000000 0.0000000000 0.2555387685 0.0000000000 1.1492882400 1.3791458880
59.0000000000 YF 3.0000000000 898990.1107650015 1.1092233581 1.1995927839 1.1995927839 2.0209774860 2.4251729833
60.0000000000 YF 1.0000000000 16594093.6681903731 0.4796206916 0.6849497093 0.6849497093 1.0320576460 1.2384691752
60.0000000000 YF 2.0000000000 6525.1265392974 0.1936504730 0.6849497093 0.6849497093 0.8709449944 1.0451339933
60.0000000000 YF 3.0000000000 898990.1107650016 0.8405833261 0.9090664066 0.9090664066 1.5315220011 1.8378264014
61.0000000000 YF 1.0000000000 23186299.4765335992 0.5401395606 0.6364698147 0.6364698147 1.5321268147 1.8385521776
61.0000000000 YF 2.0000000000 22003592.6724402979 0.2874811146 0.3056018989 0.3056018989 1.2929492700 1.5515391240
61.0000000000 YF 3.0000000000 898990.1107650014 1.2478762779 1.3495418819 1.3495418819 2.2735996718 2.7283196062
62.0000000000 YF 1.0000000000 16600618.7947296705 0.4795082866 0.6839597045 0.6839597045 1.0320576460 1.2384691752
62.0000000000 YF 2.0000000000 0.0000000000 0.0000000000 0.1936504730 0.0000000000 0.8709449944 1.0451339933
62.0000000000 YF 3.0000000000 898990.1107650016 0.8405833261 0.9090664066 0.9090664066 1.5315220011 1.8378264014
