Bundle Name m X Y_low Y Y_high R Rxtheta
1.0000000000 BCG 1.0000000000 0.0000000000 0.0000000000 0.0000000000 0.0000000000 0.0000000000 0.0000000000
1.0000000000 BCG 2.0000000000 0.0000000000 0.0000000000 0.0000000000 0.0000000000 0.0000000000 0.0000000000
2.0000000000 BCG 1.0000000000 17796797.4832540117 0.0379315360 0.1470802171 0.1470802171 0.1705974731 0.2047169678
2.0000000000 BCG 2.0000000000 10733599.3806007430 0.0712684142 0.2235280396 0.2235280396 0.2094025269 0.2512830322
3.0000000000 BCG 1.0000000000 0.0000000000 0.0000000000 0.0000000000 0.0000000000 0.0000000000 0.0000000000
3.0000000000 BCG 2.0000000000 0.0000000000 0.0000000000 0.0000000000 0.0000000000 0.0000000000 0.0000000000
4.0000000000 BCG 1.0000000000 4213320.3157255836 0.0558991056 0.2766573228 0.2766573228 0.2514068025 0.3016881630
4.0000000000 BCG 2.0000000000 13889723.3796137273 0.1050271368 0.2766573228 0.2766573228 0.3085931975 0.3703118370
5.0000000000 DT 1.0000000000 51417548.4079469293 0.1130069486 0.1831678133 0.1831678133 0.1526398444 0.1831678133
5.0000000000 DT 2.0000000000 0.0000000000 0.0000000000 0.2248321868 0.0000000000 0.1873601556 0.2248321867
6.0000000000 DT 1.0000000000 0.0000000000 0.0000000000 0.0339387427 0.0000000000 0.1526398444 0.1831678133
6.0000000000 DT 2.0000000000 59740044.1946197227 0.0972637420 0.2248321867 0.2248321867 0.1873601556 0.2248321867
7.0000000000 DTP 1.0000000000 0.0000000000 0.0000000000 0.0339387427 0.0000000000 0.1526398444 0.1831678133
7.0000000000 DTP 2.0000000000 51417548.4079469293 0.1130069486 0.2248321867 0.2248321867 0.1873601556 0.2248321867
8.0000000000 DTP 1.0000000000 45279730.2935351357 0.0379315360 0.1624094682 0.1624094682 0.1705974731 0.2047169678
8.0000000000 DTP 2.0000000000 63338531.8785007223 0.0712684142 0.1667283952 0.1667283952 0.2094025269 0.2512830322
9.0000000000 DTP-HepB-Hib 1.0000000000 20750623.1034036502 0.4520277943 0.7578907663 0.7578907663 0.7003475213 0.8404170255
9.0000000000 DTP-HepB-Hib 2.0000000000 30666925.3045432791 0.4520277943 0.8603756708 0.8603756708 0.8596524787 1.0315829745
10.0000000000 DTP-HepB-Hib 1.0000000000 0.0000000000 0.0000000000 0.2295856123 0.0000000000 1.0325636531 1.2390763838
10.0000000000 DTP-HepB-Hib 2.0000000000 52498826.7164840028 0.4427177224 1.5209236162 1.5209236162 1.2674363469 1.5209236162
11.0000000000 DTP-HepB-Hib 1.0000000000 0.0000000000 0.0000000000 0.2096216460 0.0000000000 0.9427755094 1.1313306113
11.0000000000 DTP-HepB-Hib 2.0000000000 52498826.7164840028 0.4427177224 1.3886693887 1.3886693887 1.1572244906 1.3886693887
12.0000000000 DTP-HepB-Hib 1.0000000000 0.0000000000 0.0000000000 0.2375711988 0.0000000000 1.0684789106 1.2821746928
12.0000000000 DTP-HepB-Hib 2.0000000000 51417548.4079469293 0.4520277943 1.5738253072 1.5738253072 1.3115210894 1.5738253072
13.0000000000 DTP-HepB-Hib 1.0000000000 0.0000000000 0.0000000000 0.2295856123 0.0000000000 1.0325636531 1.2390763838
13.0000000000 DTP-HepB-Hib 2.0000000000 51417548.4079469293 0.4520277943 1.5209236162 1.5209236162 1.2674363469 1.5209236162
14.0000000000 DTP-HepB-Hib 1.0000000000 0.0000000000 0.0000000000 0.1617081269 0.0000000000 0.7272839644 0.8727407573
14.0000000000 DTP-HepB-Hib 2.0000000000 42897683.5314783528 0.5418045703 1.0712592427 1.0712592427 0.8927160356 1.0712592427
15.0000000000 DTP-HepB-Hib 1.0000000000 0.0000000000 0.0000000000 0.1497297472 0.0000000000 0.6734110781 0.8080932938
15.0000000000 DTP-HepB-Hib 2.0000000000 51417548.4079469293 0.4520277943 0.9919067062 0.9919067062 0.8265889219 0.9919067062
16.0000000000 DTP-HepB-Hib 1.0000000000 0.0000000000 0.0000000000 0.1597117303 0.0000000000 0.7183051500 0.8619661800
16.0000000000 DTP-HepB-Hib 2.0000000000 51417548.4079469293 0.4520277943 1.0580338200 1.0580338200 0.8816948500 1.0580338200
17.0000000000 HPV 1.0000000000 44007185.3448805884 0.9183424493 0.9762282883 0.9762282883 4.1302546125 4.9563055350
17.0000000000 HPV 2.0000000000 48240668.7804949433 1.7254458186 2.0614816750 2.0614816750 5.0697453875 6.0836944650
18.0000000000 HPV 1.0000000000 5647785.7905263770 0.8983784830 4.5356723562 4.5356723562 4.0404664688 4.8485597625
18.0000000000 HPV 2.0000000000 14265562.2743468639 1.6879361269 4.6256084024 4.6256084024 4.9595335312 5.9514402375
19.0000000000 HepB 1.0000000000 0.0000000000 0.0000000000 0.0978234348 0.0000000000 0.4399619044 0.5279542853
19.0000000000 HepB 2.0000000000 51417548.4079469293 0.1837974894 0.6480457147 0.6480457147 0.5400380956 0.6480457147
20.0000000000 HepB 1.0000000000 2382046.7620567828 0.1197837977 0.4451066696 0.4451066696 0.5387288625 0.6464746350
20.0000000000 HepB 2.0000000000 40515636.7694215700 0.2250581503 0.4451066696 0.4451066696 0.6612711375 0.7935253650
21.0000000000 HepB 1.0000000000 0.0000000000 0.0000000000 0.0479135191 0.0000000000 0.2154915450 0.2585898540
21.0000000000 HepB 2.0000000000 51417548.4079469293 0.1130069486 0.3174101460 0.3174101460 0.2645084550 0.3174101460
22.0000000000 HepB 1.0000000000 42897683.5314783528 0.1354511426 0.2693644313 0.2693644313 0.2244703594 0.2693644313
22.0000000000 HepB 2.0000000000 0.0000000000 0.0000000000 0.3306355688 0.0000000000 0.2755296406 0.3306355687
23.0000000000 Hib 1.0000000000 45279730.2935351357 0.4292252752 1.5577772181 1.5577772181 1.9304450906 2.3165341088
23.0000000000 Hib 2.0000000000 7219096.4229488671 0.8064583717 2.7605706721 2.7605706721 2.3695549094 2.8434658912
24.0000000000 IPV 1.0000000000 20033012.7116457298 0.4172468955 1.3028978807 1.3028978807 1.8765722044 2.2518866453
24.0000000000 IPV 2.0000000000 1388922.3278391175 0.7839525567 2.7273028289 2.7273028289 2.3034277956 2.7641133547
25.0000000000 IPV 1.0000000000 14889617.0841149911 0.4891171741 2.4694216162 2.4694216162 2.1998095219 2.6397714263
25.0000000000 IPV 2.0000000000 37609209.6323690116 0.9189874469 2.5183867969 2.5183867969 2.7001904781 3.2402285737
26.0000000000 IPV 1.0000000000 14582946.9929447249 0.6188829550 3.1245742898 3.1245742898 2.7834324563 3.3401189475
26.0000000000 IPV 2.0000000000 36834601.4150022045 1.1628004430 3.1865302328 3.1865302328 3.4165675437 4.0998810525
27.0000000000 IPV 1.0000000000 20534327.8932765201 0.3493694101 0.9974949516 0.9974949516 1.5712925156 1.8855510188
27.0000000000 IPV 2.0000000000 887607.1462083273 0.6564196049 2.2949433561 2.2949433561 1.9287074844 2.3144489812
28.0000000000 IPV 1.0000000000 6075648.3504147399 0.4651604146 2.3484703533 2.3484703533 2.0920637494 2.5104764993
28.0000000000 IPV 2.0000000000 15346286.6890701074 0.8739758168 2.3950372395 2.3950372395 2.5679362506 3.0815235007
29.0000000000 IPV 1.0000000000 6075648.3504147381 0.5589910561 2.8221961327 2.8221961327 2.5140680250 3.0168816300
29.0000000000 IPV 2.0000000000 15346286.6890701093 1.0502713679 2.8781563393 2.8781563393 3.0859319750 3.7031183700
30.0000000000 MMR 1.0000000000 5737047.1740131965 0.3792194476 1.4077153814 1.4077153814 1.2660128269 1.5192153923
30.0000000000 MMR 2.0000000000 12365996.5213261135 0.5288866531 1.4818902480 1.4818902480 1.5539871731 1.8647846077
31.0000000000 MMR 1.0000000000 12151296.7008294761 0.8923892932 4.5054345405 4.5054345405 4.0135300256 4.8162360308
31.0000000000 MMR 2.0000000000 30692573.3781402111 1.6766832194 4.5947710131 4.5947710131 4.9264699744 5.9117639692
32.0000000000 MMR 1.0000000000 12704464.5662342086 0.5889370056 2.4953290902 2.4953290902 2.6487502406 3.1785002888
32.0000000000 MMR 2.0000000000 5398579.1291051023 1.1065359054 3.6347331544 3.6347331544 3.2512497594 3.9014997112
33.0000000000 MMR 1.0000000000 18103043.6953393109 0.4814555231 1.5838628558 1.5838628558 1.3198857131 1.5838628558
33.0000000000 MMR 2.0000000000 0.0000000000 0.0000000000 1.5838628558 0.0000000000 1.6201142869 1.9441371442
34.0000000000 OPV 1.0000000000 42843870.0789696872 0.1356212741 0.1939423905 0.1939423905 0.1616186588 0.1939423905
34.0000000000 OPV 2.0000000000 0.0000000000 0.0000000000 0.2380576095 0.0000000000 0.1983813412 0.2380576095
35.0000000000 OPV 1.0000000000 0.0000000000 0.0000000000 0.0000000000 0.0000000000 0.0000000000 0.0000000000
35.0000000000 OPV 2.0000000000 0.0000000000 0.0000000000 0.0000000000 0.0000000000 0.0000000000 0.0000000000
36.0000000000 OPV 1.0000000000 3639861.5797446966 0.0259531562 0.1008184392 0.1008184392 0.1167245869 0.1400695043
36.0000000000 OPV 2.0000000000 48858965.1367393062 0.0487625992 0.1008184392 0.1008184392 0.1432754131 0.1719304957
37.0000000000 OPV 1.0000000000 0.0000000000 0.0000000000 0.0279495528 0.0000000000 0.1257034013 0.1508440815
37.0000000000 OPV 2.0000000000 51417548.4079469293 0.1130069486 0.1851559185 0.1851559185 0.1542965987 0.1851559185
38.0000000000 OPV 1.0000000000 0.0000000000 0.0000000000 0.0239567595 0.0000000000 0.1077457725 0.1292949270
38.0000000000 OPV 2.0000000000 51417548.4079469293 0.1130069486 0.1587050730 0.1587050730 0.1322542275 0.1587050730
39.0000000000 OPV 1.0000000000 0.0000000000 0.0000000000 0.0259531562 0.0000000000 0.1167245869 0.1400695043
39.0000000000 OPV 2.0000000000 51417548.4079469293 0.1130069486 0.1719304957 0.1719304957 0.1432754131 0.1719304957
40.0000000000 OPV 1.0000000000 0.0000000000 0.0000000000 0.0379315360 0.0000000000 0.1705974731 0.2047169678
40.0000000000 OPV 2.0000000000 51417548.4079469293 0.1130069486 0.2512830322 0.2512830322 0.2094025269 0.2512830322
41.0000000000 OPV 1.0000000000 41556739.5372039974 0.0279495528 0.0754264442 0.0754264442 0.1257034013 0.1508440815
41.0000000000 OPV 2.0000000000 1340943.9942743555 0.0525135684 0.1839836048 0.1839836048 0.1542965987 0.1851559185
42.0000000000 OPV 1.0000000000 0.0000000000 0.0000000000 0.0339387427 0.0000000000 0.1526398444 0.1831678133
42.0000000000 OPV 2.0000000000 51417548.4079469293 0.1130069486 0.2248321867 0.2248321867 0.1873601556 0.2248321867
43.0000000000 PCV 1.0000000000 10268701.4373206832 0.5789550224 2.9229888518 2.9229888518 2.6038561688 3.1246274025
43.0000000000 PCV 2.0000000000 25937385.9533579387 1.0877810596 2.9809476371 2.9809476371 3.1961438312 3.8353725975
44.0000000000 PCV 1.0000000000 15403052.1559810340 0.6089009718 3.0741779303 3.0741779303 2.7385383844 3.2862460613
44.0000000000 PCV 2.0000000000 38906078.9300368950 1.1440455971 3.1351345839 3.1351345839 3.3614616156 4.0337539387
45.0000000000 PCV 1.0000000000 15403052.1559810340 0.6089009718 3.0741779303 3.0741779303 2.7385383844 3.2862460613
45.0000000000 PCV 2.0000000000 38906078.9300368950 1.1440455971 3.1351345839 3.1351345839 3.3614616156 4.0337539387
46.0000000000 PCV 1.0000000000 15403052.1559810340 0.6887568370 3.4773488064 3.4773488064 3.0976909594 3.7172291513
46.0000000000 PCV 2.0000000000 38906078.9300368950 1.2940843640 3.5462997752 3.5462997752 3.8023090406 4.5627708487
47.0000000000 PCV 1.0000000000 15403052.1559810340 0.6588108876 3.3261597279 3.3261597279 2.9630087438 3.5556104925
47.0000000000 PCV 2.0000000000 38906078.9300368950 1.2378198264 3.3921128285 3.3921128285 3.6369912562 4.3643895075
48.0000000000 PCV 1.0000000000 34146531.2625112981 0.5789550224 1.7611512060 1.7611512060 2.6038561688 3.1246274025
48.0000000000 PCV 2.0000000000 2059556.1281673238 1.0877810596 3.7907099966 3.7907099966 3.1961438312 3.8353725975
49.0000000000 Rota 1.0000000000 2556192.2903706171 0.1696937135 0.7327580932 0.7327580932 0.7631992219 0.9158390663
49.0000000000 Rota 2.0000000000 19167460.1440365538 0.3188323795 0.7327580932 0.7327580932 0.9368007781 1.1241609337
50.0000000000 Rota 1.0000000000 21868737.0817796774 0.3180937637 0.8504745161 0.8504745161 0.8529873656 1.0235848388
50.0000000000 Rota 2.0000000000 14337350.3088989444 1.1359038983 1.1359038983 1.1359038983 1.0470126344 1.2564151612
51.0000000000 Rota 1.0000000000 19595306.2258088961 0.4691532078 2.2506309782 2.2506309782 2.1100213781 2.5320256538
51.0000000000 Rota 2.0000000000 34713824.8602090329 0.8814777552 2.4155954991 2.4155954991 2.5899786219 3.1079743462
52.0000000000 Td 1.0000000000 65354202.5781541467 0.0219603629 0.0474081399 0.0474081399 0.0987669581 0.1185203498
52.0000000000 Td 2.0000000000 67195557.2105397582 0.0412606609 0.0867819741 0.0867819741 0.1212330419 0.1454796502
53.0000000000 Td 1.0000000000 65354202.5781541467 0.0219603629 0.0474081399 0.0474081399 0.0987669581 0.1185203498
53.0000000000 Td 2.0000000000 67195557.2105397582 0.0412606609 0.0867819741 0.0867819741 0.1212330419 0.1454796502
54.0000000000 Td 1.0000000000 0.0000000000 0.0000000000 0.0000000000 0.0000000000 0.0000000000 0.0000000000
54.0000000000 Td 2.0000000000 0.0000000000 0.0000000000 0.0000000000 0.0000000000 0.0000000000 0.0000000000
55.0000000000 Td 1.0000000000 7031587.1679822728 0.0279495528 0.1167649209 0.1167649209 0.1257034013 0.1508440815
55.0000000000 Td 2.0000000000 63466837.2798676714 0.0525135684 0.1167649209 0.1167649209 0.1542965987 0.1851559185
56.0000000000 Td 1.0000000000 0.0000000000 0.0000000000 0.0000000000 0.0000000000 0.0000000000 0.0000000000
56.0000000000 Td 2.0000000000 0.0000000000 0.0000000000 0.0000000000 0.0000000000 0.0000000000 0.0000000000
57.0000000000 Td 1.0000000000 28666235.6522275209 0.0199639663 0.0903856480 0.0903856480 0.0897881438 0.1077457725
57.0000000000 Td 2.0000000000 61848982.8244690299 0.0375096917 0.0903856480 0.0903856480 0.1102118562 0.1322542275
58.0000000000 Td 1.0000000000 33559048.8634088486 0.0179675697 0.0841383463 0.0841383463 0.0808093294 0.0969711953
58.0000000000 Td 2.0000000000 56956169.6132877022 0.0337587225 0.0876406380 0.0876406380 0.0991906706 0.1190288047
59.0000000000 YF 1.0000000000 6319716.0276239114 0.4980574377 1.2609331682 1.2609331682 1.1492882400 1.3791458880
59.0000000000 YF 2.0000000000 11179892.8778707609 0.4980574377 1.3808718522 1.3808718522 1.4107117600 1.6928541120
60.0000000000 YF 1.0000000000 0.0000000000 0.0000000000 0.1936504730 0.0000000000 0.8709449944 1.0451339933
60.0000000000 YF 2.0000000000 17499608.9054946713 0.4980574377 1.2828660067 1.2828660067 1.0690550056 1.2828660067
61.0000000000 YF 1.0000000000 22003592.6724402979 0.2874811146 0.3056018989 0.3056018989 1.2929492700 1.5515391240
61.0000000000 YF 2.0000000000 24120334.3902474716 0.5401395606 0.6453333939 0.6453333939 1.5870507300 1.9044608760
62.0000000000 YF 1.0000000000 0.0000000000 0.0000000000 0.1936504730 0.0000000000 0.8709449944 1.0451339933
62.0000000000 YF 2.0000000000 17499608.9054946713 0.4980574377 1.2828660067 1.2828660067 1.0690550056 1.2828660067
