Bundle Name m X Y_low Y Y_high R Rxtheta
1.0000000000 BCG 1.0000000000 0.0000000000 0.0000000000 0.0000000000 0.0000000000 0.0000000000 0.0000000000
1.0000000000 BCG 2.0000000000 0.0000000000 0.0000000000 0.0000000000 0.0000000000 0.0000000000 0.0000000000
2.0000000000 BCG 1.0000000000 9843140.3330643103 0.3031232937 0.3363395534 0.3363395534 0.3752361210 0.4502833452
2.0000000000 BCG 2.0000000000 18687256.5307904445 0.0379315360 0.1329553819 0.1329553819 0.1370753940 0.1644904728
3.0000000000 BCG 1.0000000000 0.0000000000 0.0000000000 0.0000000000 0.0000000000 0.0000000000 0.0000000000
3.0000000000 BCG 2.0000000000 0.0000000000 0.0000000000 0.0000000000 0.0000000000 0.0000000000 0.0000000000
4.0000000000 BCG 1.0000000000 3376880.5098032253 0.4467080117 0.6242356603 0.6242356603 0.5529795467 0.6635754560
4.0000000000 BCG 2.0000000000 14726163.1855360866 0.0558991056 0.1732598755 0.1732598755 0.2020058438 0.2424070126
5.0000000000 DT 1.0000000000 0.0000000000 0.0000000000 0.2712155786 0.0000000000 0.3357375819 0.4028850983
5.0000000000 DT 2.0000000000 51417548.4079469368 0.1130069486 0.1471756862 0.1471756862 0.1226464052 0.1471756862
6.0000000000 DT 1.0000000000 31965323.3812857755 0.2712155786 0.2824011276 0.2824011276 0.3357375819 0.4028850983
6.0000000000 DT 2.0000000000 27774720.8133339472 0.0339387427 0.1298729729 0.1298729729 0.1226464052 0.1471756862
7.0000000000 DTP 1.0000000000 31965323.3812857755 0.2712155786 0.2824011276 0.2824011276 0.3357375819 0.4028850983
7.0000000000 DTP 2.0000000000 19452225.0266611613 0.0339387427 0.1338288101 0.1338288101 0.1226464052 0.1471756862
8.0000000000 DTP 1.0000000000 31965323.3812857643 0.3031232937 0.3156247896 0.3156247896 0.3752361210 0.4502833452
8.0000000000 DTP 2.0000000000 76652938.7907500863 0.0379315360 0.1231595331 0.1231595331 0.1370753940 0.1644904728
9.0000000000 DTP-HepB-Hib 1.0000000000 31965323.3812857829 1.2444008899 1.2957228206 1.2957228206 1.5404430230 1.8485316275
9.0000000000 DTP-HepB-Hib 2.0000000000 19452225.0266611539 0.1557189371 0.6140380701 0.6140380701 0.5627305649 0.6752766778
10.0000000000 DTP-HepB-Hib 1.0000000000 31965323.3812857717 1.8346936197 1.9103605689 1.9103605689 2.2711659954 2.7253991945
10.0000000000 DTP-HepB-Hib 2.0000000000 20533503.3351982310 0.2295856123 0.9015522245 0.9015522245 0.8296668585 0.9956002302
11.0000000000 DTP-HepB-Hib 1.0000000000 31965323.3812857792 1.6751550440 1.7442422585 1.7442422585 2.0736733001 2.4884079602
11.0000000000 DTP-HepB-Hib 2.0000000000 20533503.3351982236 0.2096216460 0.8231563789 0.8231563789 0.7575219142 0.9090262971
12.0000000000 DTP-HepB-Hib 1.0000000000 31965323.3812857717 1.8985090499 1.9768078930 1.9768078930 2.3501630735 2.8201956882
12.0000000000 DTP-HepB-Hib 2.0000000000 19452225.0266611651 0.2375711988 0.9368016710 0.9368016710 0.8585248361 1.0302298034
13.0000000000 DTP-HepB-Hib 1.0000000000 31965323.3812857717 1.8346936197 1.9103605689 1.9103605689 2.2711659954 2.7253991945
13.0000000000 DTP-HepB-Hib 2.0000000000 19452225.0266611651 0.2295856123 0.9053125392 0.9053125392 0.8296668585 0.9956002302
14.0000000000 DTP-HepB-Hib 1.0000000000 31965323.3812857755 1.2922624625 1.3455583137 1.3455583137 1.5996908315 1.9196289978
14.0000000000 DTP-HepB-Hib 2.0000000000 10932360.1501926146 0.1617081269 0.6611823004 0.6611823004 0.5843740481 0.7012488578
15.0000000000 DTP-HepB-Hib 1.0000000000 31965323.3812857829 1.1965393172 1.2458873275 1.2458873275 1.4811952144 1.7774342573
15.0000000000 DTP-HepB-Hib 2.0000000000 19452225.0266611539 0.1497297472 0.5904212212 0.5904212212 0.5410870816 0.6493044979
16.0000000000 DTP-HepB-Hib 1.0000000000 31965323.3812857792 1.2763086050 1.3289464827 1.3289464827 1.5799415620 1.8959298744
16.0000000000 DTP-HepB-Hib 2.0000000000 19452225.0266611576 0.1597117303 0.6297826360 0.6297826360 0.5771595537 0.6925914645
17.0000000000 HPV 1.0000000000 21310215.5875238478 7.3387744786 7.6414422755 7.6414422755 9.0846639815 10.9015967778
17.0000000000 HPV 2.0000000000 66704027.0768314153 0.9183424493 1.1298042608 1.1298042608 3.3186674339 3.9824009206
18.0000000000 HPV 1.0000000000 19790535.7090515941 7.1792359030 10.6646055435 10.6646055435 8.8871712863 10.6646055435
18.0000000000 HPV 2.0000000000 122812.3558216467 0.8983784830 3.8910097123 3.8910097123 3.2465224896 3.8958269876
19.0000000000 HepB 1.0000000000 31965323.3812857755 0.7817390205 0.8139797206 0.8139797206 0.9677142067 1.1612570481
19.0000000000 HepB 2.0000000000 19452225.0266611613 0.0978234348 0.3857418645 0.3857418645 0.3535102266 0.4242122720
20.0000000000 HepB 1.0000000000 31965323.3812857866 0.9572314537 0.9967098620 0.9967098620 1.1849561715 1.4219474058
20.0000000000 HepB 2.0000000000 10932360.1501926035 0.1197837977 0.4897646669 0.4897646669 0.4328696653 0.5194435983
21.0000000000 HepB 1.0000000000 31965323.3812857755 0.3828925815 0.3986839448 0.3986839448 0.4739824686 0.5687789623
21.0000000000 HepB 2.0000000000 19452225.0266611613 0.0479135191 0.1889347908 0.1889347908 0.1731478661 0.2077774393
22.0000000000 HepB 1.0000000000 31965323.3812857792 0.3988464391 0.4152957758 0.4152957758 0.4937317381 0.5924780858
22.0000000000 HepB 2.0000000000 10932360.1501926109 0.0499099157 0.2040686112 0.2040686112 0.1803623605 0.2164348326
23.0000000000 Hib 1.0000000000 31965323.3812857717 3.4300793759 3.5715436722 3.5715436722 4.2460929479 5.0953115375
23.0000000000 Hib 2.0000000000 20533503.3351982310 0.4292252752 1.6855106806 1.6855106806 1.5511163006 1.8613395607
24.0000000000 IPV 1.0000000000 21421935.0394848473 3.3343562305 4.9531167969 4.9531167969 4.1275973307 4.9531167969
24.0000000000 IPV 2.0000000000 0.0000000000 0.0000000000 1.8093952009 0.0000000000 1.5078293341 1.8093952009
25.0000000000 IPV 1.0000000000 31965323.3812857792 3.9086951027 4.0698986032 4.0698986032 4.8385710336 5.8062852404
25.0000000000 IPV 2.0000000000 20533503.3351982236 0.4891171741 1.9206982174 1.9206982174 1.7675511332 2.1210613599
26.0000000000 IPV 1.0000000000 4674857.6581580117 4.9456958443 7.1588326834 7.1588326834 6.1222735528 7.3467282633
26.0000000000 IPV 2.0000000000 46742690.7497889251 0.6188829550 1.6614231099 1.6614231099 2.2364932706 2.6837919248
27.0000000000 IPV 1.0000000000 4939902.5074886214 2.7919250734 3.9355075088 3.9355075088 3.4561221669 4.1473466003
27.0000000000 IPV 2.0000000000 16482032.5319962259 0.3493694101 1.1297884554 1.1297884554 1.2625365237 1.5150438285
28.0000000000 IPV 1.0000000000 21421935.0394848473 3.7172488120 5.5218957592 5.5218957592 4.6015797993 5.5218957592
28.0000000000 IPV 2.0000000000 0.0000000000 0.0000000000 2.0171726402 0.0000000000 1.6809772002 2.0171726402
29.0000000000 IPV 1.0000000000 4939902.5074886233 4.4670801174 6.2968120141 6.2968120141 5.5297954670 6.6357545604
29.0000000000 IPV 2.0000000000 16482032.5319962241 0.5589910561 1.8076615287 1.8076615287 2.0200584380 2.4240701256
30.0000000000 MMR 1.0000000000 0.0000000000 0.0000000000 3.3415764036 0.0000000000 2.7846470030 3.3415764036
30.0000000000 MMR 2.0000000000 18103043.6953393109 0.4814555231 1.2206924561 1.2206924561 1.0172437134 1.2206924561
31.0000000000 MMR 1.0000000000 21310215.5875238515 7.1313743303 7.4254884720 7.4254884720 8.8279234777 10.5935081732
31.0000000000 MMR 2.0000000000 21533654.4914458357 0.8923892932 3.3653830345 3.3653830345 3.2248790064 3.8698548076
32.0000000000 MMR 1.0000000000 1350041.9875788447 4.7063879808 6.8837090422 6.8837090422 5.8260345099 6.9912414119
32.0000000000 MMR 2.0000000000 16753001.7077604663 0.5889370056 1.5195965510 1.5195965510 2.1282758543 2.5539310252
33.0000000000 MMR 1.0000000000 7665904.1572318673 2.3452170616 3.1204382704 3.1204382704 2.9031426202 3.4837711442
33.0000000000 MMR 2.0000000000 10437139.5381074436 0.2934703045 1.0716842295 1.0716842295 1.0605306799 1.2726368159
34.0000000000 OPV 1.0000000000 42620431.1750477105 0.2871694361 0.4265842217 0.4265842217 0.3554868515 0.4265842217
34.0000000000 OPV 2.0000000000 223438.9039219767 0.0359351393 0.1556701996 0.1556701996 0.1298608996 0.1558330795
35.0000000000 OPV 1.0000000000 42620431.1750477105 0.1435847181 0.2132921109 0.2132921109 0.1777434257 0.2132921109
35.0000000000 OPV 2.0000000000 223438.9039219767 0.0179675697 0.0778350998 0.0778350998 0.0649304498 0.0779165398
36.0000000000 OPV 1.0000000000 42620431.1750476882 0.2074001483 0.2159538034 0.2159538034 0.2567405038 0.3080886046
36.0000000000 OPV 2.0000000000 9878395.5414363146 0.0259531562 0.1079503733 0.1079503733 0.0937884275 0.1125461130
37.0000000000 OPV 1.0000000000 42620431.1750477180 0.2233540059 0.2325656345 0.2325656345 0.2764897734 0.3317877280
37.0000000000 OPV 2.0000000000 8797117.2328992188 0.0279495528 0.1167391370 0.1167391370 0.1010029219 0.1212035063
38.0000000000 OPV 1.0000000000 42620431.1750476956 0.1914462907 0.1993419724 0.1993419724 0.2369912343 0.2843894812
38.0000000000 OPV 2.0000000000 8797117.2328992411 0.0239567595 0.1000621174 0.1000621174 0.0865739331 0.1038887197
39.0000000000 OPV 1.0000000000 5280054.5955133364 0.2074001483 0.3014682596 0.3014682596 0.2567405038 0.3080886046
39.0000000000 OPV 2.0000000000 46137493.8124336004 0.0259531562 0.0713897580 0.0713897580 0.0937884275 0.1125461130
40.0000000000 OPV 1.0000000000 895240.7594830617 0.3031232937 0.4487007056 0.4487007056 0.3752361210 0.4502833452
40.0000000000 OPV 2.0000000000 50522307.6484638751 0.0379315360 0.0731655169 0.0731655169 0.1370753940 0.1644904728
41.0000000000 OPV 1.0000000000 42620431.1750477180 0.2233540059 0.3317877280 0.3317877280 0.2764897734 0.3317877280
41.0000000000 OPV 2.0000000000 277252.3564306721 0.0279495528 0.1210464294 0.1210464294 0.1010029219 0.1212035063
42.0000000000 OPV 1.0000000000 42620431.1750476882 0.2712155786 0.2824011276 0.2824011276 0.3357375819 0.4028850983
42.0000000000 OPV 2.0000000000 8797117.2328992486 0.0339387427 0.1417546663 0.1417546663 0.1226464052 0.1471756862
43.0000000000 PCV 1.0000000000 31965323.3812857866 4.6266186930 6.8727457947 6.8727457947 5.7272881623 6.8727457947
43.0000000000 PCV 2.0000000000 4240764.0093928352 0.5789550224 2.4488638898 2.4488638898 2.0922033822 2.5106440587
44.0000000000 PCV 1.0000000000 31965323.3812857829 4.8659265565 5.0666084653 5.0666084653 6.0235272051 7.2282326462
44.0000000000 PCV 2.0000000000 22343807.7047321461 0.6089009718 2.3749159100 2.3749159100 2.2004207985 2.6405049582
45.0000000000 PCV 1.0000000000 31965323.3812857829 4.8659265565 5.0666084653 5.0666084653 6.0235272051 7.2282326462
45.0000000000 PCV 2.0000000000 22343807.7047321461 0.6089009718 2.3749159100 2.3749159100 2.2004207985 2.6405049582
46.0000000000 PCV 1.0000000000 31965323.3812857717 5.5040808590 5.7310817066 5.7310817066 6.8134979861 8.1761975834
46.0000000000 PCV 2.0000000000 22343807.7047321573 0.6887568370 2.6863802917 2.6863802917 2.4890005754 2.9868006905
47.0000000000 PCV 1.0000000000 29581823.0700204633 5.2647729955 5.8348275428 5.8348275428 6.5172589433 7.8207107319
47.0000000000 PCV 2.0000000000 24727308.0159974657 0.6588108876 2.5300639818 2.5300639818 2.3807831591 2.8569397909
48.0000000000 PCV 1.0000000000 31965323.3812857866 4.6266186930 6.8727457947 6.8727457947 5.7272881623 6.8727457947
48.0000000000 PCV 2.0000000000 4240764.0093928352 0.5789550224 2.4488638898 2.4488638898 2.0922033822 2.5106440587
49.0000000000 Rota 1.0000000000 21310215.5875238478 1.3560778928 2.0144254916 2.0144254916 1.6786879096 2.0144254916
49.0000000000 Rota 2.0000000000 413436.8468833230 0.1696937135 0.7330558657 0.7330558657 0.6132320258 0.7358784310
50.0000000000 Rota 1.0000000000 2791600.3034029640 1.5156164684 2.2001272709 2.2001272709 1.8761806049 2.2514167259
50.0000000000 Rota 2.0000000000 33414487.0872756578 0.1896576798 0.4926347934 0.4926347934 0.6853769700 0.8224523640
51.0000000000 Rota 1.0000000000 21310215.5875238478 3.7491565271 3.9037802929 3.9037802929 4.6410783384 5.5692940061
51.0000000000 Rota 2.0000000000 32998915.4984940812 0.4691532078 1.6873221514 1.6873221514 1.6954061890 2.0344874268
52.0000000000 Td 1.0000000000 31965323.3812857680 0.1754924332 0.1827301414 0.1827301414 0.2172419648 0.2606903577
52.0000000000 Td 2.0000000000 99820794.6016293019 0.0219603629 0.0318500743 0.0318500743 0.0793594386 0.0952313264
53.0000000000 Td 1.0000000000 31965323.3812857680 0.1754924332 0.1827301414 0.1827301414 0.2172419648 0.2606903577
53.0000000000 Td 2.0000000000 99820794.6016293019 0.0219603629 0.0318500743 0.0318500743 0.0793594386 0.0952313264
54.0000000000 Td 1.0000000000 0.0000000000 0.0000000000 0.0000000000 0.0000000000 0.0000000000 0.0000000000
54.0000000000 Td 2.0000000000 0.0000000000 0.0000000000 0.0000000000 0.0000000000 0.0000000000 0.0000000000
55.0000000000 Td 1.0000000000 31965323.3812857866 0.2233540059 0.2325656345 0.2325656345 0.2764897734 0.3317877280
55.0000000000 Td 2.0000000000 38533101.0665641576 0.0587965519 0.1034701603 0.1034701603 0.1010029219 0.1212035063
56.0000000000 Td 1.0000000000 31965323.3812857792 0.1595385756 0.1661183103 0.1661183103 0.1974926953 0.2369912343
56.0000000000 Td 2.0000000000 38533101.0665641651 0.0199639663 0.0739072574 0.0739072574 0.0721449442 0.0865739331
57.0000000000 Td 1.0000000000 31965323.3812857792 0.1654579798 0.1661183103 0.1661183103 0.1974926953 0.2369912343
57.0000000000 Td 2.0000000000 58549895.0954107717 0.0703037754 0.0703037754 0.0703037754 0.0721449442 0.0865739331
58.0000000000 Td 1.0000000000 31965323.3812857680 0.1435847181 0.1495064793 0.1495064793 0.1777434257 0.2132921109
58.0000000000 Td 2.0000000000 58549895.0954107791 0.0179675697 0.0632733978 0.0632733978 0.0649304498 0.0779165398
59.0000000000 YF 1.0000000000 10655107.7937619239 2.0420937680 2.1263143723 2.1263143723 2.5279064992 3.0334877990
59.0000000000 YF 2.0000000000 6844501.1117327474 0.2555387685 1.0034668238 1.0034668238 0.9234552859 1.1081463431
60.0000000000 YF 1.0000000000 10655107.7937619239 1.5475241835 1.6113476103 1.6113476103 1.9156791439 2.2988149727
60.0000000000 YF 2.0000000000 6844501.1117327474 0.1936504730 0.7604397024 0.7604397024 0.6998059589 0.8397671507
61.0000000000 YF 1.0000000000 10655107.7937619276 2.2973554890 2.3921036688 2.3921036688 2.8438948116 3.4126737739
61.0000000000 YF 2.0000000000 33352013.5384157076 0.2874811146 0.3536778555 0.3536778555 1.0388871967 1.2466646360
62.0000000000 YF 1.0000000000 10655107.7937619239 1.5475241835 1.6113476103 1.6113476103 1.9156791439 2.2988149727
62.0000000000 YF 2.0000000000 6844501.1117327474 0.1936504730 0.7604397024 0.7604397024 0.6998059589 0.8397671507
